1001 Ivanov 2000 2 4.25
1002 Petrov 1999 3 3.90
1003 Sidorov 2001 1 4.60
1004 Smirnov 2000 2 4.00
1005 Kuznetsov 1998 4 3.25
1006 Popov 2002 1 4.45
1007 Lebedev 2000 2 3.75
1008 Kozlov 1999 3 4.35
1009 Novikov 2001 1 4.50
1010 Morozov 2000 2 4.10
1011 Volkov 1998 4 3.50
1012 Solovyov 2002 1 4.40
1013 Vasilyev 2000 2 3.95
1014 Zaitsev 1999 3 4.20
1015 Pavlov 2001 1 4.55
1016 Semyonov 2000 2 3.85
1017 Golubev 1998 4 3.40
1018 Vinogradov 2002 1 4.30
1019 Bogdanov 2000 2 3.80
1020 Vorobyov 1999 3 4.15
1021 Fedorov 2001 1 4.65
1022 Mikhailov 2000 2 4.05
1023 Belyaev 1998 4 3.45
1024 Tarasov 2002 1 4.35
1025 Belov 2000 2 3.90
1026 Komarov 1999 3 4.25
1027 Orlov 2001 1 4.70
1028 Kiselev 2000 2 3.95
1029 Makarov 1998 4 3.55
1030 Andreev 2002 1 4.45
1031 Kovalyov 2000 2 4.00
1032 Ilyin 1999 3 4.30
1033 Gusev 2001 1 4.60
1034 Titov 2000 2 3.75
1035 Kuzmin 1998 4 3.35
1036 Kudryavtsev 2002 1 4.40
1037 Baranov 2000 2 3.90
1038 Kulikov 1999 3 4.20
1039 Alekseev 2001 1 4.50
1040 Stepanov 2000 2 4.10